11,19,2,1
0,0
1,1.7320508075688772
2,0
3,1.7320508075688772
4,0
5,1.7320508075688772
6,0
7,1.7320508075688772
8,0
9,1.7320508075688772
10,0
1,2,0.0143,200000000000,7850
2,3,0.0143,200000000000,7850
1,3,0.0143,200000000000,7850
2,4,0.0143,200000000000,7850
3,4,0.0143,200000000000,7850
4,5,0.0143,200000000000,7850
3,5,0.0143,200000000000,7850
4,6,0.0143,200000000000,7850
5,6,0.0143,200000000000,7850
5,7,0.0143,200000000000,7850
6,7,0.0143,200000000000,7850
6,8,0.0143,200000000000,7850
7,8,0.0143,200000000000,7850
7,9,0.0143,200000000000,7850
8,9,0.0143,200000000000,7850
8,10,0.0143,200000000000,7850
9,10,0.0143,200000000000,7850
9,11,0.0143,200000000000,7850
10,11,0.0143,200000000000,7850
1,1,1,0,0
11,1,1,0,0
6,0,10000